posX= -13.61
posY= 3.145
posZ= -9.285
scaleX= 0.05
scaleY= 0.05
scaleZ= 0.05
colorX= 1000
colorY= 600
colorZ= 50
emissionColorX= 1
emissionColorY= 1
emissionColorZ= 1
directionX= -13.8
directionY= -30.48
directionZ= -8.12
spotDirX= 0
spotDirY= -3.09152e-18
spotDirZ= 6.44597e-43
radius= 10.35
cutOff= 1.11
lightType= 1
dimensions= 1
nearZ= 0.1
farZ= 1000
fov= 110.2
