posX= 5.465
posY= 2.095
posZ= 3.84
scaleX= 0.01
scaleY= 0.01
scaleZ= 0.01
colorX= 50
colorY= 50
colorZ= 50
directionX= -1.21
directionY= 0
directionZ= -12.69
spotDirX= -2.89307e+38
spotDirY= 9.80909e-45
spotDirZ= 4.2039e-45
radius= 11
cutOff= 0.05
lightType= 0
dimensions= 1
fov= 90
