posX= -3.565
posY= 2.645
posZ= -0.755
scaleX= 0.02
scaleY= 0.02
scaleZ= 0.02
colorX= 5.93
colorY= 3.535
colorZ= 1.885
emissionColorX= 1
emissionColorY= 1
emissionColorZ= 1
directionX= -1.21
directionY= 0
directionZ= -12.69
spotDirX= -3.68535e+28
spotDirY= 4.59093e-41
spotDirZ= 4.95453e+36
radius= 7.95
cutOff= 0.19
lightType= 0
dimensions= 1
fov= 90
